,time,first_blood,first_tower,first_inhib,mid_towers_amount,top_towers_amount,bot_towers_amount,inhibs_amount,first_dragon,Dragons_Amount,Heralds_amount,Kills_Diff,Death_Diff,Assist_Diff,Lvl_Diff,cs_Diff,jungle_cs_Diff,win_probability
0,0.018592000007629395,0,0,0,0,0,0,0,0,0,0,0,0,0,0.0,0,0,0.41013763795867475
0,0.018592000007629395,0,0,0,0,0,0,0,0,0,0,0,0,0,0.0,0,0,0.41013763795867475
0,0.018592000007629395,0,0,0,0,0,0,0,0,0,0,0,0,0,0.0,0,0,0.41013763795867475
0,0.018592000007629395,0,0,0,0,0,0,0,0,0,0,0,0,0,0.0,0,0,0.41013763795867475
0,0.018592000007629395,0,0,0,0,0,0,0,0,0,0,0,0,0,0.0,0,0,0.41013763795867475
0,0.018592000007629395,0,0,0,0,0,0,0,0,0,0,0,0,0,0.0,0,0,0.41013763795867475
0,0.018592000007629395,0,0,0,0,0,0,0,0,0,0,0,0,0,0.0,0,0,0.41013763795867475
0,0.018592000007629395,0,0,0,0,0,0,0,0,0,0,0,0,0,0.0,0,0,0.41013763795867475
0,0.018592000007629395,0,0,0,0,0,0,0,0,0,0,0,0,0,0.0,0,0,0.41013763795867475
0,0.018592000007629395,0,0,0,0,0,0,0,0,0,0,0,0,0,0.0,0,0,0.41013763795867475
0,0.018592000007629395,0,0,0,0,0,0,0,0,0,0,0,0,0,0.0,0,0,0.41013763795867475
0,0.018592000007629395,0,0,0,0,0,0,0,0,0,0,0,0,0,0.0,0,0,0.41013763795867475
0,0.018592000007629395,0,0,0,0,0,0,0,0,0,0,0,0,0,0.0,0,0,0.41013763795867475
0,0.018592000007629395,0,0,0,0,0,0,0,0,0,0,0,0,0,0.0,0,0,0.41013763795867475
0,0.018592000007629395,0,0,0,0,0,0,0,0,0,0,0,0,0,0.0,0,0,0.41013763795867475
0,0.018592000007629395,0,0,0,0,0,0,0,0,0,0,0,0,0,0.0,0,0,0.41013763795867475
0,0.018592000007629395,0,0,0,0,0,0,0,0,0,0,0,0,0,0.0,0,0,0.41013763795867475
0,0.018592000007629395,0,0,0,0,0,0,0,0,0,0,0,0,0,0.0,0,0,0.41013763795867475
0,0.018592000007629395,0,0,0,0,0,0,0,0,0,0,0,0,0,0.0,0,0,0.41013763795867475
0,0.018592000007629395,0,0,0,0,0,0,0,0,0,0,0,0,0,0.0,0,0,0.41013763795867475
0,0.018592000007629395,0,0,0,0,0,0,0,0,0,0,0,0,0,0.0,0,0,0.41013763795867475
0,0.018592000007629395,0,0,0,0,0,0,0,0,0,0,0,0,0,0.0,0,0,0.41013763795867475
0,0.018592000007629395,0,0,0,0,0,0,0,0,0,0,0,0,0,0.0,0,0,0.41013763795867475
0,0.9456745982170105,0,0,0,0,0,0,0,0,0,0,0,0,0,0.0,0,0,0.41013763795867475
0,6.087566375732422,0,0,0,0,0,0,0,0,0,0,0,0,0,0.0,0,0,0.41013763795867475
0,11.241815567016602,0,0,0,0,0,0,0,0,0,0,0,0,0,0.0,0,0,0.41013763795867475
0,16.37940216064453,0,0,0,0,0,0,0,0,0,0,0,0,0,0.0,0,0,0.41013763795867475
0,21.534358978271484,0,0,0,0,0,0,0,0,0,0,0,0,0,0.0,0,0,0.41013763795867475
0,26.66632080078125,0,0,0,0,0,0,0,0,0,0,0,0,0,0.0,0,0,0.41013763795867475
0,31.802568435668945,0,0,0,0,0,0,0,0,0,0,0,0,0,0.0,0,0,0.41013763795867475
0,36.947757720947266,0,0,0,0,0,0,0,0,0,0,0,0,0,0.0,0,0,0.41013763795867475
0,42.09021759033203,0,0,0,0,0,0,0,0,0,0,0,0,0,0.0,0,0,0.41013763795867475
0,47.24522399902344,0,0,0,0,0,0,0,0,0,0,0,0,0,0.0,0,0,0.41013763795867475
0,52.39231491088867,0,0,0,0,0,0,0,0,0,0,0,0,0,0.0,0,0,0.41013763795867475
0,57.65006637573242,0,0,0,0,0,0,0,0,0,0,0,0,0,0.0,0,0,0.41013763795867475
0,62.7883415222168,0,0,0,0,0,0,0,0,0,0,0,0,0,0.0,0,0,0.41013763795867475
0,67.94270324707031,0,0,0,0,0,0,0,0,0,0,0,0,0,0.0,0,0,0.41013763795867475
0,73.09151458740234,0,0,0,0,0,0,0,0,0,0,0,0,0,0.0,0,0,0.41013763795867475
0,78.23760223388672,0,0,0,0,0,0,0,0,0,0,0,0,0,0.0,0,0,0.41013763795867475
0,83.39036560058594,0,0,0,0,0,0,0,0,0,0,0,0,0,0.0,0,0,0.41013763795867475
0,88.5282211303711,0,0,0,0,0,0,0,0,0,0,0,0,0,0.0,0,0,0.41013763795867475
0,93.66844940185547,0,0,0,0,0,0,0,0,0,0,0,0,0,0.0,0,0,0.41013763795867475
0,98.8115005493164,0,0,0,0,0,0,0,0,0,0,0,0,0,0.0,0,0,0.41013763795867475
0,103.96953582763672,0,0,0,0,0,0,0,0,0,0,0,0,0,0.0,0,0,0.41013763795867475
0,109.11813354492188,0,0,0,0,0,0,0,0,0,0,0,0,0,0.0,0,0,0.41013763795867475
0,114.26934051513672,0,0,0,0,0,0,0,0,0,0,0,0,0,0.0,0,0,0.41013763795867475
0,119.40937042236328,0,0,0,0,0,0,0,0,0,0,0,0,0,0.0,0,0,0.41013763795867475
0,124.56988525390625,0,0,0,0,0,0,0,0,0,0,0,0,0,0.0,0,0,0.41013763795867475
0,129.73143005371094,0,0,0,0,0,0,0,0,0,0,0,0,0,0.0,0,0,0.41013763795867475
0,134.87545776367188,1,0,0,0,0,0,0,0,0,0,1,-1,0,0.19999999999999996,0,0,0.5121943341375752
0,140.04603576660156,1,0,0,0,0,0,0,0,0,0,1,-1,0,0.6000000000000001,0,0,0.7587367720136525
0,145.20606994628906,1,0,0,0,0,0,0,0,0,0,1,-1,0,0.20000000000000018,0,0,0.5121943341375752
0,150.37071228027344,1,0,0,0,0,0,0,0,0,0,1,-1,0,0.20000000000000018,0,0,0.5121943341375752
0,155.67803955078125,1,0,0,0,0,0,0,0,0,0,1,-1,0,0.0,0,0,0.4080042936547429
0,160.85317993164062,1,0,0,0,0,0,0,0,0,0,1,-1,0,0.0,0,0,0.4080042936547429
0,166.02894592285156,1,0,0,0,0,0,0,0,0,0,0,0,-1,0.0,0,0,0.4096343542065193
0,171.20684814453125,1,0,0,0,0,0,0,0,0,0,0,0,-1,-0.19999999999999996,0,0,0.33040877916289674
0,176.36221313476562,1,0,0,0,0,0,0,0,0,0,0,0,-1,0.20000000000000018,0,0,0.49338164265397877
0,181.50880432128906,1,0,0,0,0,0,0,0,0,0,0,0,-1,0.20000000000000018,0,0,0.49338164265397877
0,186.6514892578125,1,0,0,0,0,0,0,0,0,0,0,0,-1,0.3999999999999999,0,0,0.7171376116668173
0,191.80606079101562,1,0,0,0,0,0,0,0,0,0,0,0,-1,0.3999999999999999,0,0,0.7171376116668173
0,196.97166442871094,1,0,0,0,0,0,0,0,0,0,0,0,-1,0.3999999999999999,0,0,0.7171376116668173
0,202.12718200683594,1,0,0,0,0,0,0,0,0,0,1,-1,-1,0.3999999999999999,0,0,0.7347491821678489
0,207.29354858398438,1,0,0,0,0,0,0,0,0,0,1,-1,-1,0.3999999999999999,-10,0,0.6433751242140435
0,212.45281982421875,1,0,0,0,0,0,0,0,0,0,1,-1,-1,0.3999999999999999,-10,0,0.6433751242140435
0,217.59902954101562,1,0,0,0,0,0,0,0,0,0,1,-1,-1,0.3999999999999999,-10,0,0.6433751242140435
0,222.74810791015625,1,0,0,0,0,0,0,0,0,0,1,-1,-1,0.6000000000000001,0,0,0.7486074036288031
0,227.89137268066406,1,0,0,0,0,0,0,0,0,0,1,-1,-1,0.6000000000000001,0,0,0.7486074036288031
0,233.05364990234375,1,0,0,0,0,0,0,0,0,0,1,-1,-1,0.6000000000000001,0,0,0.7486074036288031
0,238.2020721435547,1,0,0,0,0,0,0,0,0,0,1,-1,-1,0.6000000000000001,10,0,0.7798270631576973
0,243.36053466796875,1,0,0,0,0,0,0,0,0,0,1,-1,-1,0.6000000000000001,10,0,0.7798270631576973
0,248.51307678222656,1,0,0,0,0,0,0,0,0,0,1,-1,-1,0.20000000000000018,10,0,0.5364918287754501
0,253.80520629882812,1,0,0,0,0,0,0,0,0,0,1,-1,-1,0.40000000000000036,10,0,0.7703578580496974
0,258.96405029296875,1,0,0,0,0,0,0,0,0,0,1,-1,-1,0.40000000000000036,10,0,0.7703578580496974
0,264.125,1,0,0,0,0,0,0,0,0,0,2,-2,-1,0.8000000000000003,10,0,0.7783549960857732
0,269.2756652832031,1,0,0,0,0,0,0,0,0,0,2,-2,-1,0.6000000000000001,20,0,0.7856011554226286
0,274.41986083984375,1,0,0,0,0,0,0,0,0,0,2,-2,-1,0.3999999999999999,20,0,0.7766297089962968
0,279.57403564453125,1,0,0,0,0,0,0,0,0,0,1,-1,-2,0.3999999999999999,20,0,0.7710905063007598
0,284.741943359375,1,0,0,0,0,0,0,0,0,0,1,-1,-2,0.3999999999999999,20,0,0.7710905063007598
0,289.8951721191406,1,0,0,0,0,0,0,0,0,0,1,-1,-2,0.3999999999999999,10,0,0.7664549490781916
0,295.05474853515625,1,0,0,0,0,0,0,0,0,0,1,-1,-2,0.3999999999999999,10,0,0.7664549490781916
0,300.2179870605469,1,0,0,0,0,0,0,0,0,0,1,-1,-2,0.3999999999999999,10,0,0.7664549490781916
0,305.3905944824219,1,0,0,0,0,0,0,0,0,0,1,-1,-2,0.3999999999999999,10,0,0.7664549490781916
0,310.5549621582031,1,0,0,0,0,0,0,0,0,0,1,-1,-3,0.3999999999999999,20,0,0.7522998501204883
0,315.7246398925781,1,0,0,0,0,0,0,0,0,0,1,-1,-3,0.5999999999999996,20,0,0.7621683845093996
0,320.88189697265625,1,0,0,0,0,0,0,0,0,0,1,-1,-3,0.7999999999999998,30,0,0.7622571231163658
0,326.0386657714844,1,0,0,0,0,0,0,0,0,0,1,-1,-3,0.6000000000000001,30,0,0.7566609247868734
0,331.21502685546875,1,0,0,0,0,0,0,0,0,0,1,-1,-3,0.6000000000000001,30,0,0.7566609247868734
0,336.3668518066406,1,0,0,0,0,0,0,0,0,0,1,-1,-3,0.8000000000000003,30,0,0.7622571231163658
0,341.5198059082031,1,0,0,0,0,0,0,0,0,0,1,-1,-3,1.0000000000000004,30,0,0.7638254339927956
0,346.6754150390625,1,0,0,0,0,0,0,0,0,0,2,-2,-1,1.0000000000000004,30,0,0.7930611803267387
0,351.9739685058594,1,0,0,0,0,0,0,0,0,0,1,-1,-1,0.6000000000000005,20,0,0.7885422517267586
0,357.1360168457031,1,0,0,0,0,0,0,0,0,0,1,-1,-1,0.6000000000000005,20,0,0.7885422517267586
0,362.287841796875,1,0,0,0,0,0,0,0,0,0,2,-2,-1,0.6000000000000005,30,0,0.7915485502841864
0,367.4630432128906,1,0,0,0,0,0,0,0,0,0,2,-2,-1,0.7999999999999998,40,0,0.7979675031510104
0,372.61566162109375,1,0,0,0,0,0,0,0,0,0,2,-2,-1,0.7999999999999998,40,0,0.7979675031510104
0,377.77960205078125,1,0,0,0,0,0,0,0,0,0,2,-2,-1,1.0,40,0,0.7933072015675419
0,382.93597412109375,1,0,0,0,0,0,0,0,0,0,2,-2,-1,1.0,40,0,0.7933072015675419
0,388.11376953125,1,0,0,0,0,0,0,0,0,0,2,-2,-1,1.0,40,0,0.7933072015675419
0,393.2721862792969,1,0,0,0,0,0,0,0,0,0,3,-3,-1,1.0,40,0,0.8006703699214677
0,398.4454650878906,1,0,0,0,0,0,0,0,0,0,3,-3,-1,0.7999999999999998,40,0,0.8044892665145646
0,403.6171569824219,1,0,0,0,0,0,0,0,0,0,3,-3,0,1.0,40,0,0.8149204044564263
0,408.7823791503906,1,0,0,0,0,0,0,0,0,0,3,-3,0,1.0,30,0,0.8107289891417344
0,413.9427185058594,1,0,0,0,0,0,0,0,0,0,3,-3,0,0.7999999999999998,30,0,0.8058555033901855
0,419.0963134765625,1,0,0,0,0,0,0,0,0,0,3,-3,0,0.7999999999999998,20,0,0.8026619537395356
0,424.2557678222656,1,0,0,0,0,0,0,0,0,0,3,-3,0,1.0,30,0,0.8107289891417344
0,429.401611328125,1,0,0,0,0,0,0,0,0,0,3,-3,0,1.0,40,0,0.8149204044564263
0,434.5696716308594,1,0,0,0,0,0,0,0,0,0,3,-3,0,1.0,50,0,0.8049204044564263
0,439.732666015625,1,0,0,0,0,0,0,0,0,0,4,-4,0,1.0,50,0,0.8085864230336591
0,444.88629150390625,1,0,0,0,0,0,0,0,0,0,4,-4,0,0.8000000000000007,40,0,0.8117949220176865
0,450.1756896972656,1,0,0,0,0,0,0,0,0,0,4,-4,0,0.8000000000000007,40,0,0.8117949220176865
0,455.3357849121094,1,0,0,0,0,0,0,0,0,0,4,-4,0,0.8000000000000007,40,0,0.8117949220176865
0,460.4992370605469,1,0,0,0,0,0,0,0,0,0,4,-4,0,0.8000000000000007,40,0,0.8117949220176865
0,465.6519775390625,1,0,0,0,0,0,0,0,0,0,5,-5,1,0.8000000000000007,40,0,0.8111756054704604
0,470.8125305175781,1,0,0,0,0,0,0,0,0,0,5,-5,1,1.2000000000000002,50,0,0.8427249910892408
0,475.97259521484375,1,0,0,0,0,0,0,0,0,0,5,-5,1,1.2000000000000002,50,0,0.8427249910892408
0,481.1279602050781,1,0,0,0,0,0,0,0,0,0,5,-5,1,1.2000000000000002,50,0,0.8427249910892408
0,486.2908935546875,1,0,0,0,0,0,0,0,0,0,5,-5,1,1.2000000000000002,50,0,0.8427249910892408
0,491.4464111328125,1,0,0,0,0,0,0,0,0,0,5,-5,1,1.4000000000000004,50,0,0.8412964196606691
0,496.6090087890625,1,0,0,0,0,0,0,0,0,0,6,-6,3,1.4000000000000004,50,0,0.8907764121767756
0,501.76434326171875,1,0,0,0,0,0,0,0,0,0,7,-7,5,1.0,50,0,0.8848466353715034
0,506.9293212890625,1,0,0,0,0,0,0,0,0,0,7,-7,5,1.0,50,0,0.8848466353715034
0,512.0798950195312,1,0,0,0,0,0,0,0,0,0,6,-6,4,1.0,50,0,0.8734883340983984
0,517.2409057617188,1,0,0,0,0,0,0,0,0,0,6,-6,4,0.7999999999999998,40,0,0.8709769876312261
0,522.4000244140625,1,0,0,0,0,0,0,0,0,1,6,-6,4,0.7999999999999998,30,0,0.8700942375373916
0,527.55859375,1,0,0,0,0,0,0,0,0,1,6,-6,4,1.2000000000000002,40,0,0.9012401350480828
0,532.7224731445312,1,0,0,0,0,0,0,0,0,1,6,-6,4,1.2000000000000002,40,0,0.9012401350480828
0,537.8688354492188,1,0,0,0,0,0,0,0,0,1,6,-6,4,1.2000000000000002,40,0,0.9012401350480828
0,543.0237426757812,1,0,0,0,0,0,0,1,1,1,5,-5,3,1.3999999999999995,50,0,0.8849066932000662
0,548.2948608398438,1,0,0,0,0,0,0,1,1,1,5,-5,3,1.3999999999999995,50,0,0.8849066932000662
0,553.4465942382812,1,0,0,0,0,0,0,1,1,1,5,-5,3,1.1999999999999993,40,0,0.8810798530117989
0,558.6021728515625,1,0,0,0,0,0,0,1,1,1,5,-5,3,1.1999999999999993,40,0,0.8810798530117989
0,563.7665405273438,1,0,0,0,0,0,0,1,1,1,5,-5,3,1.0,40,0,0.8634652189001674
0,568.9404907226562,1,0,0,0,0,0,0,1,1,1,6,-6,3,1.0,50,0,0.913314431922527
0,574.1041259765625,1,0,0,0,0,0,0,1,1,1,8,-8,3,1.2000000000000002,60,0,0.9237429479745916
0,579.284912109375,1,0,0,0,0,0,0,1,1,1,8,-8,3,1.2000000000000002,70,0,0.9263180221051033
0,584.454833984375,1,0,0,0,0,0,0,1,1,1,8,-8,3,1.4000000000000004,70,0,0.9433904345850377
0,589.6256103515625,1,0,0,0,0,0,0,1,1,1,9,-9,4,1.4000000000000004,80,0,0.9663623659804932
0,594.7908935546875,1,0,0,0,0,0,0,1,1,1,9,-9,4,1.4000000000000004,80,0,0.9663623659804932
0,599.9638671875,1,0,0,0,0,0,0,1,1,1,9,-9,4,1.4000000000000004,80,0,0.9663623659804932
0,605.137451171875,1,0,0,0,0,0,0,1,1,1,9,-9,4,1.4000000000000004,80,0,0.9663623659804932
0,610.2971801757812,1,0,0,0,0,0,0,1,1,1,9,-9,4,1.6000000000000005,90,0,0.967915176135613
0,615.4669799804688,1,1,0,0,1,0,0,1,1,1,8,-8,4,1.6000000000000005,100,0,0.9582736064110284
0,620.623779296875,1,1,0,0,1,0,0,1,1,1,7,-7,4,1.2000000000000002,100,0,0.9497929730241487
0,625.797119140625,1,1,0,0,1,0,0,1,1,1,7,-7,4,1.2000000000000002,100,0,0.9497929730241487
0,630.9586181640625,1,1,0,0,1,0,0,1,1,1,7,-7,4,1.2000000000000002,100,0,0.9497929730241487
0,636.1248168945312,1,1,0,0,1,0,0,1,1,1,6,-6,3,1.2000000000000002,100,0,0.9345712152053455
0,641.4111328125,1,1,0,0,1,0,0,1,1,1,6,-6,3,0.8000000000000007,90,0,0.9378407712763316
0,646.5890502929688,1,1,0,0,1,0,0,1,1,1,6,-6,2,0.8000000000000007,90,0,0.9375929080284684
0,651.7471313476562,1,1,0,0,1,0,0,1,1,1,6,-6,2,0.8000000000000007,90,0,0.9375929080284684
0,656.91650390625,1,1,0,0,1,0,0,1,1,1,6,-6,2,0.8000000000000007,90,0,0.9375929080284684
0,662.0881958007812,1,1,0,0,1,0,0,1,1,1,6,-6,2,0.8000000000000007,100,0,0.9381388588928905
0,667.2589111328125,1,1,0,0,1,0,0,1,1,1,6,-6,2,0.8000000000000007,100,0,0.9381388588928905
0,672.4271850585938,1,1,0,0,1,0,0,1,1,1,6,-6,2,0.8000000000000007,100,0,0.9381388588928905
0,677.587890625,1,1,0,0,1,0,0,1,1,1,6,-6,2,0.8000000000000007,100,0,0.9381388588928905
0,682.7793579101562,1,1,0,0,1,0,0,1,1,1,6,-6,2,0.6000000000000005,100,0,0.8883270265120373
0,687.9650268554688,1,1,0,0,1,0,0,1,1,1,6,-6,2,0.6000000000000005,100,0,0.8883270265120373
0,693.1314086914062,1,1,0,0,1,0,0,1,1,1,5,-5,2,0.6000000000000005,100,0,0.8868276445477556
0,698.3126220703125,1,1,0,0,1,0,0,1,1,1,6,-6,3,0.6000000000000005,100,0,0.8813112570634322
0,703.497802734375,1,1,0,1,1,0,0,1,1,1,6,-6,3,0.6000000000000005,90,0,0.8866309991174471
0,708.6761474609375,1,1,0,1,1,0,0,1,1,1,7,-7,4,1.2000000000000002,100,0,0.9562025982088628
0,713.846923828125,1,1,0,1,1,0,0,1,1,1,7,-7,4,1.0,100,0,0.9528248228042717
0,719.02099609375,1,1,0,1,1,0,0,1,1,1,7,-7,4,1.0,100,0,0.9528248228042717
0,724.19921875,1,1,0,1,1,0,0,1,1,1,8,-8,5,1.0,110,0,0.9575904078500844
0,729.3656616210938,1,1,0,1,1,0,0,1,1,1,8,-8,5,1.0,110,0,0.9575904078500844
0,734.67138671875,1,1,0,1,1,0,0,1,1,1,8,-8,5,1.0,110,0,0.9575904078500844
0,739.841796875,1,1,0,1,1,0,0,1,1,1,9,-9,6,1.4000000000000004,110,0,0.9737091024825648
0,745.023681640625,1,1,0,1,1,0,0,1,1,1,9,-9,6,1.4000000000000004,110,0,0.9737091024825648
0,750.2018432617188,1,1,0,1,1,0,0,1,1,1,9,-9,6,1.4000000000000004,110,0,0.9737091024825648
0,755.3795166015625,1,1,0,1,1,0,0,1,1,1,9,-9,6,1.4000000000000004,110,0,0.9737091024825648
0,760.5535888671875,1,1,0,1,1,0,0,1,1,1,9,-9,6,1.4000000000000004,120,0,0.9740683839196906
0,765.737548828125,1,1,0,1,1,0,0,1,1,1,10,-10,6,1.4000000000000004,120,0,0.9761615664959785
0,770.9158325195312,1,1,0,1,1,0,0,1,1,1,10,-10,6,1.4000000000000004,120,0,0.9761615664959785
0,776.0922241210938,1,1,0,1,1,0,0,1,1,1,9,-9,6,1.2000000000000002,120,0,0.9704149120514254
0,781.2596435546875,1,1,0,1,1,0,0,1,1,1,9,-9,6,1.2000000000000002,120,0,0.9704149120514254
0,786.4273071289062,1,1,0,1,1,0,0,1,1,1,10,-10,7,1.6000000000000005,130,0,0.977160483696235
0,791.6064453125,1,1,0,1,1,0,0,1,1,1,10,-10,7,1.6000000000000005,130,0,0.977160483696235
0,796.7792358398438,1,1,0,2,1,0,0,1,1,1,10,-10,7,1.4000000000000004,130,0,0.9741733280947379
0,801.9495239257812,1,1,0,2,1,0,0,1,1,1,11,-11,7,1.5999999999999996,130,0,0.9829697004431632
0,807.1267700195312,1,1,0,2,1,0,0,1,1,1,11,-11,7,1.5999999999999996,130,0,0.9829697004431632
0,812.3059692382812,1,1,0,2,1,0,0,1,1,1,11,-11,7,1.5999999999999996,130,0,0.9829697004431632
0,817.4821166992188,1,1,0,2,1,0,0,1,1,1,12,-12,8,1.4000000000000004,130,0,0.9862145657203033
0,822.7764282226562,1,1,0,2,1,0,0,1,1,1,13,-13,8,1.5999999999999996,130,0,0.98883373089742
0,827.942626953125,1,1,0,2,1,0,0,1,1,1,13,-13,8,1.5999999999999996,130,0,0.98883373089742
0,833.1116333007812,1,1,0,2,2,1,0,1,1,1,13,-13,8,1.5999999999999996,150,0,0.990640656431004
0,838.2749633789062,1,1,0,2,2,1,0,1,1,1,13,-13,8,1.5999999999999996,140,0,0.990640656431004
0,843.4541015625,1,1,0,2,2,1,0,1,1,1,13,-13,8,1.5999999999999996,140,0,0.990640656431004
0,848.6170654296875,1,1,0,2,2,1,0,1,1,1,14,-14,9,1.5999999999999996,140,0,0.9915136842311675
0,853.7958984375,1,1,0,2,2,1,0,1,1,1,15,-15,10,1.5999999999999996,140,0,0.9912377707337775
0,858.988037109375,1,1,0,2,2,1,0,1,1,1,15,-15,10,1.5999999999999996,140,0,0.9912377707337775
0,864.1619873046875,1,1,0,2,2,1,0,1,1,1,15,-15,10,1.8000000000000007,150,0,0.9912377707337775
0,869.3338012695312,1,1,0,2,2,1,0,1,1,1,15,-15,10,2.0,150,0,0.9912377707337775
0,874.5070190429688,1,1,0,2,2,1,0,1,1,1,15,-15,10,2.200000000000001,160,0,0.9912377707337775
0,879.6718139648438,1,1,0,2,2,1,0,1,1,1,15,-15,10,2.200000000000001,160,0,0.9912377707337775
0,884.8383178710938,1,1,0,2,2,1,0,1,1,1,16,-16,11,2.000000000000001,160,0,0.9922034037724355
0,890.0049438476562,1,1,0,2,2,1,0,1,1,1,16,-16,11,2.000000000000001,160,0,0.9922034037724355
0,895.1759643554688,1,1,0,2,2,1,0,1,1,1,16,-16,11,1.8000000000000007,160,0,0.9922034037724355
0,900.3428955078125,1,1,0,2,2,1,0,1,1,1,16,-16,11,1.8000000000000007,160,0,0.9922034037724355
0,905.5219116210938,1,1,0,2,2,1,0,1,1,1,16,-16,11,1.8000000000000007,160,0,0.9922034037724355
0,910.6715698242188,1,1,0,2,2,1,0,1,1,1,16,-16,11,1.8000000000000007,160,0,0.9922034037724355
